1014
-0.05845700	0.35887200	0.59100700
-0.06671000	0.35575000	0.59164400
-0.04311200	0.35412400	0.59132500
-0.04947000	0.36140500	0.59043700
-0.06871900	0.35512800	0.59163000
-0.06955500	0.35497800	0.59150700
-0.10504600	0.32382600	0.59018500
-0.10519600	0.32311000	0.59027100
-0.22454700	0.11800700	0.58044300
-0.22330500	0.13871100	0.58154100
-0.25333800	0.10619000	0.57454900
-0.25054300	0.06628600	0.57340500
-0.24325800	0.05794300	0.57442300
-0.03974900	0.35303300	0.59123300
-0.06834500	0.35529200	0.59163500
-0.21626100	0.15035500	0.58209700
-0.00176000	0.31355800	0.58874300
0.04089800	0.35607300	0.57258900
-0.00682900	0.37931300	0.57977100
-0.01175700	0.37780900	0.58111300
-0.02741600	0.37126400	0.58564900
-0.03329300	0.36805300	0.58746800
-0.03449800	0.36705300	0.58789300
0.06492600	0.27593700	0.57950000
0.06790100	0.27570500	0.57886500
-0.03628500	0.36670000	0.58813100
-0.10518400	0.32455000	0.58998500
-0.07051700	0.35497900	0.59127600
-0.13533000	0.31393800	0.58042500
-0.32095400	0.08055200	0.54595300
-0.32300900	0.07891100	0.54503500
-0.28445000	-0.03585200	0.55399800
-0.28446200	-0.06580000	0.55087800
-0.24956600	-0.05793300	0.56073000
-0.29635700	-0.09246800	0.54166000
-0.28059000	-0.13839600	0.53402500
-0.24987500	-0.15355800	0.53730300
-0.24613100	-0.06627700	0.55947300
0.17349000	-0.21545400	0.51198900
-0.22077000	-0.23271700	0.51646400
-0.14411900	-0.33293800	0.48918500
-0.10244700	-0.36859900	0.47915400
0.21373300	-0.26077300	0.49952800
0.40693800	0.02417700	0.48584500
0.23589900	0.19035600	0.53637900
0.22928800	-0.26834400	0.49562400
0.26826600	-0.25611500	0.48870800
0.25247100	0.22579700	0.52356400
0.42612300	0.01654000	0.47848600
0.40560500	0.12141400	0.47149800
0.15848100	0.33002100	0.53623000
0.08565900	0.35380900	0.55724300
0.03751000	0.40895100	0.55051600
0.03315300	0.40673700	0.55308300
0.01666800	0.39715000	0.56332800
-0.00659500	0.38022800	0.57928200
-0.00673600	0.37996600	0.57944900
-0.00756000	0.37975100	0.57965600
-0.07049500	0.35529500	0.59112000
-0.10490500	0.37311100	0.56427600
-0.21842400	0.35255500	0.51794800
-0.25186600	0.32320100	0.51670200
-0.08168100	0.36506100	0.58027700
-0.37663800	0.29754300	0.45808600
-0.60118300	0.31809900	0.30965300
-0.65340300	0.28947100	0.28318500
-0.71959600	0.09565200	0.28759100
-0.68421700	0.07181700	0.31594100
-0.38915100	0.06028300	0.50726100
-0.65761300	-0.06415900	0.32500100
-0.62943400	-0.08350600	0.34216500
-0.44525300	-0.08098200	0.46217700
-0.41094500	-0.09151800	0.47967100
-0.35685800	-0.15345800	0.48722700
-0.28295600	-0.17465600	0.51994100
-0.23030600	-0.23566000	0.51261900
-0.18678200	-0.31846400	0.48496600
-0.09824400	-0.37441000	0.47666500
-0.04254500	-0.44079200	0.44370100
0.02100600	-0.48620800	0.42054000
0.05264400	-0.50449500	0.41106900
0.09243300	-0.50448400	0.41012200
0.16647500	-0.48964500	0.41542000
-0.09843400	-0.37422100	0.47674900
0.20597200	-0.49029900	0.41258400
0.22959400	-0.46836500	0.41939400
0.33018000	-0.26336000	0.46757000
0.23240700	-0.46797100	0.41870800
0.34510800	-0.36904900	0.42290700
0.45424700	-0.07671800	0.45538800
0.42625500	0.01642300	0.47842600
0.48519400	-0.05028200	0.44556700
0.48998100	-0.03626500	0.44524900
0.46310000	-0.00820200	0.45994900
0.49577300	0.05864400	0.42675800
0.50392700	-0.04100200	0.43613100
0.51028700	-0.04163400	0.43174100
0.49761300	0.05699900	0.42571000
0.44914000	0.11552200	0.44527000
0.44405500	0.15405800	0.43015000
0.26755300	0.46173300	0.40014800
0.19876200	0.44918700	0.45209200
0.18011500	0.43524000	0.47123900
0.08991900	0.43590600	0.51233300
0.05407700	0.42353200	0.53527500
0.05298200	0.42268300	0.53622300
0.16456500	0.47549800	0.44796600
0.02231800	0.40182600	0.55872900
0.02813900	0.40544200	0.55493000
-0.07313200	0.36518000	0.58222200
-0.33116600	0.40198600	0.40946500
-0.38073800	0.37329500	0.40686800
-0.17330900	0.43071300	0.47376000
-0.60085600	0.32902500	0.30282000
-0.64647300	0.34557600	0.25262500
-0.69600700	0.32523200	0.22308100
-0.72427600	0.28842000	0.22263500
-0.74820800	0.27821200	0.20530500
-0.77063200	0.25536400	0.19326500
-0.79046400	0.23044900	0.18410400
-0.80172600	0.21094600	0.18059500
-0.77278500	0.09720500	0.24141100
-0.84046200	0.15073200	0.16064400
-0.84915000	0.13532700	0.15671800
-0.86006900	0.09492100	0.15787200
-0.78966100	0.09319500	0.22629000
-0.86679500	0.08961300	0.15098600
-0.88910800	0.06480300	0.12768200
-0.90824500	0.02632700	0.10659600
-0.90029400	-0.03555300	0.11037900
-0.84559700	-0.04984400	0.16270200
-0.84482900	-0.05024800	0.16333000
-0.80458500	-0.12040100	0.17017100
-0.74199100	-0.15291400	0.21264400
-0.63321900	-0.11957500	0.32378900
-0.49730300	-0.16062300	0.39339900
-0.27958200	-0.32813900	0.41967100
-0.18564100	-0.35518100	0.46119100
-0.15081200	-0.39124000	0.44869400
-0.13248800	-0.41673300	0.43513400
0.08573500	-0.53743500	0.38577500
0.12560500	-0.53722600	0.38497300
0.15682000	-0.53307200	0.38731400
0.20386000	-0.53310900	0.38442600
0.23641100	-0.55934400	0.35573300
0.24058500	-0.56061500	0.35346500
0.24982600	-0.55931400	0.35121900
0.36766400	-0.49111200	0.35739400
0.39006800	-0.48772800	0.35061300
0.38745900	-0.44426200	0.37191800
0.40838500	-0.49503000	0.33671200
0.43526500	-0.48620000	0.32521400
0.45519400	-0.46024900	0.32552800
0.50631800	-0.04859700	0.43334900
0.52728800	-0.05656600	0.41797000
0.58666300	0.04019100	0.34170000
0.58085100	0.04010100	0.34781200
0.53378300	-0.06113800	0.41249700
0.60109900	-0.12236400	0.35111200
0.62420600	0.08871800	0.27680400
0.62350400	0.09320900	0.27515600
0.49676800	0.39066000	0.24973800
0.48678700	0.44974400	0.22401000
0.47336200	0.45726000	0.23088700
0.30053500	0.48550200	0.35890600
0.40639400	0.53395200	0.22153100
0.32661200	0.52262300	0.30248000
0.30134100	0.49584500	0.34891600
0.18452400	0.49700900	0.41645100
0.17034000	0.48295500	0.43771200
0.29416100	0.54196300	0.29884900
0.18662800	0.50322000	0.40789700
0.06992200	0.46119100	0.48650200
0.10485000	0.52167500	0.40028000
0.07755900	0.50391200	0.42904700
-0.16140400	0.48162600	0.41065000
-0.16163200	0.47326500	0.42215600
-0.21574000	0.51545200	0.32757600
-0.34055800	0.49013300	0.28037000
-0.49653900	0.42287500	0.27103100
-0.61242500	0.39679600	0.21933800
-0.63997000	0.37574700	0.22357800
-0.65271300	0.37047900	0.21601900
-0.70285100	0.32647000	0.21415100
-0.70380200	0.32485200	0.21505300
-0.74813300	0.28021400	0.20376500
-0.76186400	0.27007100	0.19323600
-0.75882100	0.27287500	0.19511300
-0.86939500	0.10197600	0.14273200
-0.88672800	0.07521300	0.12734900
-0.91111800	0.02260300	0.10235200
-0.91469400	0.01835200	0.09686900
-0.94630200	-0.03010900	0.04762300
-0.94442300	-0.05127600	0.04884900
-0.93592700	-0.04993200	0.06125800
-0.92742100	-0.05095100	0.07249200
-0.95433200	-0.07154500	0.02496900
-0.94560400	-0.09202800	0.02671900
-0.93555800	-0.10027400	0.03644600
-0.93224800	-0.10048500	0.04091200
-0.91464400	-0.11022200	0.05502500
-0.80137300	-0.23994000	0.07084900
-0.73401100	-0.27515700	0.11636300
-0.70069800	-0.30912400	0.11340200
-0.58478900	-0.34738100	0.17004100
-0.30765200	-0.51254800	0.20104900
-0.17592400	-0.55375100	0.25575200
-0.12048700	-0.52229400	0.33105000
-0.10634400	-0.52436100	0.33416200
0.04162000	-0.55775300	0.34794300
0.08651900	-0.56419800	0.35623200
0.08785900	-0.56522000	0.35507100
0.13313300	-0.56465200	0.35452400
0.18148200	-0.56014300	0.35824600
0.40292800	-0.58682400	0.26285200
0.29939800	-0.59719800	0.29239000
0.35533800	-0.60774900	0.25958100
0.36408600	-0.60631500	0.25766700
0.40427100	-0.58898700	0.26007300
0.56996300	-0.49164700	0.22552900
0.47259800	-0.61494200	0.18987300
0.57871100	-0.52180100	0.19382600
0.57200300	-0.48495700	0.22783200
0.56610100	-0.40525200	0.27693600
0.65044500	-0.27845500	0.26862500
0.67112700	-0.31869600	0.22751100
0.61317000	-0.14248800	0.33702100
0.64842400	-0.24161900	0.28226500
0.64911000	-0.23682600	0.28269400
0.62726300	-0.16148600	0.31971700
0.65780800	-0.19878400	0.28147800
0.68416400	-0.20231600	0.24305100
0.72065500	-0.21482500	0.18761700
0.83455000	-0.23056200	0.01101200
0.84221200	-0.22085200	-0.00252700
0.85784600	-0.19637800	-0.03087100
0.85737700	-0.15895300	-0.03589700
0.84523600	0.03526800	-0.04672400
0.84249200	0.03816800	-0.04285800
0.78289300	0.04275300	0.05011800
0.75891200	0.28692100	-0.06228400
0.71500100	0.33823900	-0.02341900
0.67465300	0.36066400	0.02757900
0.61285900	0.41524900	0.07536800
0.49296900	0.45285200	0.21352800
0.57466900	0.47272500	0.06933700
0.52753800	0.51142200	0.09734800
0.49655700	0.51920600	0.13517600
0.49548000	0.51855000	0.13751100
0.41033900	0.53718000	0.21345600
0.42266900	0.58421400	0.12584700
0.40934700	0.56772000	0.16762900
0.31837700	0.57294900	0.23222800
0.41809000	0.59807800	0.10362800
0.33209800	0.64052800	0.09445200
0.31936800	0.60144100	0.17806100
0.41896400	0.59709900	0.10474600
0.13070700	0.57440600	0.29202300
0.10530400	0.52363800	0.39642000
0.33129900	0.64154100	0.09263900
0.24107700	0.65942500	0.08436100
0.23816000	0.65988100	0.08434200
0.16306300	0.63860300	0.15113100
0.14475200	0.63194700	0.17040700
-0.03038900	0.62023500	0.15669000
-0.12490300	0.59739800	0.18509600
-0.12898500	0.59549800	0.18830300
-0.19340100	0.56822900	0.22647000
-0.30869100	0.54278100	0.18754700
-0.44157700	0.49746300	0.17898500
-0.52524100	0.47656500	0.14554300
-0.59023500	0.43669600	0.16384200
-0.59922700	0.42795800	0.17241000
-0.67523400	0.37707400	0.16877600
-0.67933500	0.37265500	0.17214500
-0.68128600	0.36716700	0.18096200
-0.69844500	0.34170700	0.19656000
-0.76554200	0.26717100	0.18963600
-0.78984000	0.23698100	0.17804200
-0.80664200	0.21909000	0.15994600
-0.91492100	0.04108200	0.08443500
-0.91713700	0.03721300	0.08168500
-0.94059700	-0.00075000	0.04614000
-0.94652100	-0.03017400	0.04714600
-0.94700700	-0.03120000	0.04597100
-0.96347000	-0.06469100	0.00500200
-0.96295700	-0.07289800	0.00546000
-0.96264700	-0.07327100	0.00614300
-0.95772200	-0.07267900	0.01756500
-0.95667700	-0.07286800	0.01977500
-0.95951200	-0.08260000	0.00687100
-0.95722400	-0.08552600	0.01002300
-0.95514800	-0.08884500	0.01151400
-0.95380200	-0.09009400	0.01310400
-0.93283800	-0.12164500	0.01641500
-0.92945000	-0.12891100	0.01310200
-0.83693100	-0.23486400	0.02602700
-0.82780600	-0.24869700	0.01824700
-0.68563400	-0.37378100	0.03619800
-0.68465000	-0.37514200	0.03521000
-0.57212000	-0.47033000	0.00795600
-0.44544400	-0.51607100	0.06428700
-0.39324400	-0.54184000	0.06985700
-0.25469300	-0.58835900	0.12196500
-0.21069900	-0.59132000	0.15865900
-0.17036400	-0.57860300	0.21862800
-0.09578100	-0.59038300	0.23363400
-0.03054000	-0.60331500	0.23961900
0.06346300	-0.61743400	0.25591300
0.09093200	-0.60510300	0.28863100
0.16084800	-0.60376900	0.28855000
0.23327000	-0.59892600	0.29422200
0.39892900	-0.62450400	0.21181200
0.43259000	-0.62659000	0.19228300
0.45233700	-0.62291900	0.18865500
0.46048900	-0.62013900	0.18918000
0.47292800	-0.61758100	0.18616300
0.47321900	-0.61574700	0.18847100
0.50723600	-0.62471800	0.14567500
0.50815900	-0.62462000	0.14499200
0.57291800	-0.61673100	0.09845800
0.57429300	-0.61639200	0.09770900
0.57616900	-0.61571200	0.09699300
0.59179300	-0.61146300	0.08758800
0.60283100	-0.60712300	0.08235700
0.60854700	-0.54743500	0.14025600
0.61053100	-0.60710100	0.07302800
0.61568300	-0.60561900	0.06838000
0.63732400	-0.59870700	0.04960500
0.64223100	-0.59709500	0.04539700
0.65844900	-0.58974300	0.03368600
0.68238300	-0.57620800	0.01932200
0.71191500	-0.54253900	0.02003000
0.70831000	-0.54057100	0.02654800
0.69925400	-0.33434700	0.18302600
0.71285000	-0.54227500	0.01887900
0.72390100	-0.53321100	0.00941200
0.79665900	-0.38615000	0.00790900
0.80954900	-0.34561900	0.01772100
0.74820800	-0.33328200	0.11388000
0.81195200	-0.34279000	0.01484900
0.87437300	-0.19939300	-0.07272100
0.87636700	-0.19489700	-0.07858000
0.88307400	-0.17708100	-0.09873200
0.88599300	-0.15982700	-0.10908600
0.89944900	-0.07708700	-0.15733900
0.90531900	-0.01868700	-0.18210000
0.90501500	-0.00130900	-0.18421400
0.90499800	0.00346900	-0.18516300
0.90459300	0.01860400	-0.18732100
0.86090800	0.03802300	-0.08533000
0.90912200	0.03975100	-0.21673500
0.90952000	0.07315300	-0.24498300
0.90844900	0.09908200	-0.26318800
0.90434500	0.12011300	-0.26923200
0.89176200	0.16593200	-0.27258000
0.88222700	0.18278800	-0.26058300
0.87729000	0.18853200	-0.25194500
0.83613800	0.24576700	-0.20571100
0.82085700	0.27423000	-0.20840100
0.76596700	0.34132100	-0.16431800
0.71266500	0.38142000	-0.08320500
0.65736500	0.43420300	-0.04633500
0.57389000	0.52979900	-0.05799600
0.53009400	0.56742900	-0.03575100
0.52542700	0.56967700	-0.02938700
0.51818500	0.56505400	-0.00115100
0.41345400	0.65091200	-0.04265000
0.40866900	0.64514700	-0.01600800
0.34432800	0.65483500	0.03886000
0.41024000	0.65451900	-0.05077400
0.38544000	0.66506800	-0.05333400
0.38474600	0.66531900	-0.05324900
0.37773500	0.66597700	-0.04588800
0.34617800	0.66880600	-0.01228900
0.34415300	0.66327500	0.00974100
0.33884400	0.67011800	-0.01295500
0.33615300	0.67054800	-0.01300800
0.32352800	0.67108200	-0.00766000
0.27350100	0.66726700	0.03589500
0.23964800	0.66355700	0.06961800
0.19018700	0.66117900	0.06569800
0.11052500	0.64827700	0.09673300
0.01963600	0.63261100	0.12617100
-0.17434100	0.58600000	0.17063000
-0.33197600	0.54193300	0.15998200
-0.47141200	0.50499200	0.11200900
-0.52023400	0.48282900	0.12912200
-0.57113400	0.45965400	0.10561400
-0.63246000	0.42641500	0.10228600
-0.64926800	0.41772600	0.09299600
-0.66386800	0.41115000	0.06564300
-0.67888900	0.40020100	0.05547600
-0.73265800	0.35300500	0.05347300
-0.73003600	0.35054800	0.07402200
-0.76070700	0.33122100	-0.00402300
-0.78040600	0.30964700	-0.02321900
-0.87405900	0.18037600	-0.02432500
-0.89032200	0.15909800	-0.04605000
-0.91853500	0.12364200	-0.11068000
-0.94133700	0.08594100	-0.14350700
-0.98313700	-0.01194400	-0.14196600
-0.98414000	-0.01857400	-0.13274600
-0.96928600	-0.01588700	-0.06444500
-0.96881700	-0.06466300	-0.01819200
-0.96706700	-0.06512900	-0.01018400
-0.97409200	-0.06540400	-0.04264000
-0.98437900	-0.01989100	-0.13269900
-0.98429900	-0.02153700	-0.13083000
-0.98319400	-0.03465900	-0.11372400
-0.98108000	-0.04546500	-0.09390900
-0.97815900	-0.05634000	-0.07018200
-0.97418400	-0.06523400	-0.04323000
-0.96857900	-0.07216600	-0.01820200
-0.96805300	-0.07211400	-0.01576400
-0.97350200	-0.06657200	-0.04008700
-0.96380500	-0.07351700	0.00177400
-0.96347000	-0.07933500	-0.00350300
-0.96227300	-0.08124100	-0.00138300
-0.95655900	-0.09188400	-0.00037800
-0.95343800	-0.09603900	0.00357800
-0.92991800	-0.12871600	0.01212300
-0.90981300	-0.15801400	-0.00186300
-0.82551100	-0.25455800	0.00991500
-0.79713700	-0.29118000	-0.01266900
-0.71783200	-0.36671600	-0.01559000
-0.70632200	-0.37827200	-0.02382800
-0.58468500	-0.46651800	-0.00942000
-0.56976500	-0.47522300	-0.00130400
-0.53993000	-0.49501600	-0.01103500
-0.42270700	-0.53989200	0.03459800
-0.42045700	-0.54084900	0.03483100
-0.33610000	-0.57042100	0.06275300
-0.25662300	-0.58842000	0.11908100
-0.08958600	-0.61132600	0.18064200
-0.05419700	-0.61765300	0.18385400
0.06345000	-0.63585300	0.20271600
0.06652500	-0.63523000	0.20638100
0.20092100	-0.63205600	0.20791300
0.26503600	-0.62897300	0.21299500
0.46624500	-0.63140500	0.15640000
0.47743800	-0.63051500	0.15114800
0.50021100	-0.62593900	0.14788400
0.59536700	-0.61115900	0.08381400
0.60776200	-0.60806100	0.07458300
0.66418000	-0.58714600	0.02893200
0.66803300	-0.58507500	0.02639900
0.68272500	-0.57620600	0.01872600
0.68281600	-0.57612600	0.01872900
0.69958900	-0.56490900	0.00755900
0.70080200	-0.56382200	0.00715500
0.71083100	-0.55353900	0.00571100
0.71441700	-0.55043000	0.00289900
0.72743700	-0.53245900	0.00305300
0.72780200	-0.53210600	0.00266800
0.74724500	-0.50502400	-0.00974300
0.77501900	-0.46085700	-0.02208500
0.79036700	-0.42523900	-0.01788400
0.79591100	-0.40993700	-0.01397200
0.81810800	-0.35795600	-0.01479100
0.82354900	-0.34173900	-0.01153600
0.83191600	-0.32589300	-0.02405700
0.85029800	-0.27778100	-0.04582500
0.86899600	-0.22892700	-0.07166500
0.90807100	0.02293100	-0.20655900
0.90841100	0.09982900	-0.26408300
0.90735900	0.11375200	-0.27853200
0.90558800	0.12536600	-0.28498300
0.90498300	0.12905500	-0.28676200
0.90390200	0.13375900	-0.28708900
0.90045100	0.14852300	-0.29124700
0.89723500	0.16023400	-0.29210200
0.89626600	0.16321100	-0.29490700
0.88400200	0.19049500	-0.29729100
0.87780800	0.20280700	-0.29382800
0.87001200	0.21732800	-0.29520100
0.84846300	0.24901800	-0.27572600
0.80040300	0.31643900	-0.28306700
0.74990300	0.38008900	-0.25270600
0.72652300	0.40686500	-0.25597200
0.67300100	0.45980600	-0.22812900
0.59187600	0.53605200	-0.23861900
0.57397800	0.55180200	-0.23245900
0.56810100	0.55684600	-0.22943000
0.51663600	0.60013000	-0.19590300
0.50496700	0.60894600	-0.18041400
0.50488300	0.60892900	-0.17966800
0.41195100	0.65499000	-0.06097000
0.49914300	0.61257400	-0.18107400
0.49341200	0.61571000	-0.17697700
0.45481200	0.63613100	-0.14174100
0.44790900	0.63966100	-0.13411100
0.41051400	0.65778100	-0.08182400
0.41016000	0.65794100	-0.08120900
0.40989900	0.65780900	-0.07802400
0.40892300	0.65832700	-0.08022300
0.40005400	0.66102900	-0.07224600
0.38955600	0.66420900	-0.06254300
0.38479000	0.66537000	-0.05419500
0.30323300	0.67039200	-0.00928300
0.28099100	0.66956900	-0.00956800
0.25512800	0.66754300	0.01416300
-0.12407400	0.59888300	0.11613700
-0.20575700	0.57939600	0.12730700
-0.47058700	0.50536300	0.10941700
-0.51498300	0.48511200	0.06734900
-0.59594100	0.44830600	0.06259800
-0.65265400	0.41868900	0.03721900
-0.67028100	0.40550900	0.00646100
-0.71500800	0.37277900	-0.03111400
-0.72211000	0.36696100	-0.03965100
-0.74039400	0.35150300	-0.05209400
-0.76437400	0.32447100	-0.10203300
-0.77855800	0.30875100	-0.12232300
-0.81359600	0.27060900	-0.14848100
-0.81703900	0.26612800	-0.15351900
-0.87461900	0.18992600	-0.21460100
-0.87782200	0.18550500	-0.21463900
-0.91378400	0.12699500	-0.23806500
-0.94982700	0.06914200	-0.23808100
-0.95208900	0.06554600	-0.23707600
-0.95391100	0.06270800	-0.23447000
-0.96006200	0.04830400	-0.23424300
-0.96204700	0.04358300	-0.23312300
-0.98337000	-0.01116300	-0.16149500
-0.98339000	-0.01157800	-0.15608400
-0.96689600	0.03076800	-0.23287100
-0.96878500	0.02582300	-0.23063300
-0.97021100	0.02209600	-0.22866200
-0.97449400	0.01103200	-0.21727200
-0.97883700	-0.00014600	-0.20392300
-0.98260300	-0.00957800	-0.18085700
-0.98359300	-0.01197100	-0.17102400
-0.98464900	-0.01955400	-0.14731500
-0.98470800	-0.01970800	-0.15083800
-0.98459700	-0.01885800	-0.15430500
-0.98424500	-0.02578900	-0.13469000
-0.97746400	-0.05965800	-0.07365700
-0.97739900	-0.05986000	-0.07346700
-0.96866000	-0.07830600	-0.05520500
-0.96857700	-0.07948600	-0.07175200
-0.95872500	-0.09465500	-0.09128500
-0.95624500	-0.09830300	-0.09352600
-0.88006200	-0.20517500	-0.08188900
-0.83290200	-0.26461600	-0.11024200
-0.81002300	-0.28912600	-0.14690900
-0.67385100	-0.41711000	-0.12930100
-0.67068500	-0.41963400	-0.12292900
-0.63439900	-0.44366100	-0.10332100
-0.59345100	-0.46917300	-0.09868400
-0.54854300	-0.49324300	-0.05108000
-0.53470600	-0.49995200	-0.02872500
-0.44415000	-0.53548700	0.00069600
-0.41216300	-0.54752500	0.00391900
-0.36573500	-0.56272100	0.02893000
-0.13787400	-0.60965100	0.12985900
-0.09394500	-0.61705600	0.13684200
0.06731700	-0.64355300	0.15136000
0.09314300	-0.64630200	0.12949000
0.27623500	-0.64007500	0.14413500
0.31833800	-0.63851700	0.14467500
0.53806400	-0.62457500	0.10303700
0.54477500	-0.62341800	0.10086400
0.55175700	-0.62177900	0.10135100
0.61175700	-0.60703700	0.07025800
0.61739300	-0.60522900	0.06624600
0.66961400	-0.58419000	0.02522900
0.68479400	-0.57542200	0.01532800
0.68539900	-0.57506500	0.01476800
0.69891300	-0.56550300	0.00753300
0.70830500	-0.55699300	0.00258400
0.71448100	-0.55039900	0.00275500
0.71787600	-0.54686100	-0.00018400
0.72716300	-0.53404200	-0.00007500
0.74384500	-0.51048000	-0.00974500
0.81751500	-0.36166400	-0.01888600
0.82615000	-0.34113200	-0.02375700
0.87051800	-0.22499700	-0.07571100
0.87649900	-0.20533700	-0.08805700
0.88036000	-0.19211500	-0.09716400
0.90848100	0.09434600	-0.26906100
0.90791300	0.10108400	-0.27784500
0.90206500	0.14103600	-0.29653300
0.90142400	0.14387200	-0.29611700
0.89738700	0.15857400	-0.29719100
0.89612400	0.16344900	-0.29624500
0.89175900	0.17291400	-0.30117400
0.88836000	0.18045800	-0.30215700
0.88478900	0.18858800	-0.29974800
0.87586300	0.20521300	-0.30131900
0.87549500	0.20593400	-0.30118100
0.86966800	0.21771300	-0.29675500
0.85963200	0.23165700	-0.30040200
0.84642300	0.25039800	-0.29913500
0.81467300	0.29559800	-0.29368600
0.80075000	0.31588900	-0.28400100
0.78088800	0.33863400	-0.28677500
0.73340800	0.39584200	-0.27518700
0.72131800	0.41073100	-0.27017100
0.71494000	0.41677800	-0.27030600
0.67720200	0.45272200	-0.26891600
0.62301300	0.50537900	-0.25316600
0.59533500	0.53258100	-0.24109400
0.56372300	0.56038200	-0.22755200
0.53532100	0.58347700	-0.21432300
0.51908500	0.59696000	-0.20489800
0.51474600	0.60074400	-0.20117500
0.51425700	0.60122400	-0.20039700
0.51131900	0.60328400	-0.19823500
0.49987700	0.61188100	-0.18355900
0.45024500	0.63832700	-0.13793800
0.38959700	0.66412800	-0.06308600
0.36707200	0.66359600	-0.06334300
0.33455400	0.66203200	-0.06592000
0.31396500	0.66134500	-0.06573800
0.28008300	0.66619200	-0.02961400
-0.02166100	0.60555600	0.01362500
-0.29279700	0.52975900	-0.00469000
-0.51922000	0.47833400	0.03918500
-0.64628800	0.41097000	-0.02347700
-0.68741200	0.37845900	-0.06803100
-0.72901200	0.35591200	-0.07028900
-0.82066400	0.25878600	-0.16764900
-0.78094700	0.30452400	-0.12957800
-0.82837300	0.24778800	-0.17904400
-0.87254400	0.19184300	-0.21574900
-0.87422100	0.19012500	-0.21550800
-0.90182300	0.14313000	-0.23889700
-0.90332100	0.14079200	-0.23961900
-0.91417600	0.12580800	-0.23974700
-0.92834500	0.09957000	-0.25027400
-0.93482500	0.09003800	-0.24765700
-0.95448400	0.05893300	-0.23876600
-0.96068400	0.04441500	-0.23853800
-0.96212500	0.04012000	-0.23940000
-0.96318400	0.03779800	-0.23842500
-0.97164700	0.01420900	-0.22838000
-0.97445400	0.00788100	-0.22013300
-0.97747200	-0.00013500	-0.21106600
-0.97867500	-0.00019700	-0.20481300
-0.98007400	-0.00905500	-0.19507400
-0.98213600	-0.00983200	-0.18340500
-0.97736300	-0.00262100	-0.21093100
-0.97872200	-0.00896500	-0.20210700
-0.98181000	-0.01986000	-0.17028200
-0.97329400	-0.02872800	-0.20066200
-0.97326800	-0.02877600	-0.20069600
-0.94293900	-0.06406100	-0.25376500
-0.89114100	-0.13610300	-0.31196000
-0.86832800	-0.17859500	-0.30794400
-0.83834400	-0.21524400	-0.33202500
-0.80772300	-0.28914600	-0.16353500
-0.82806700	-0.22297500	-0.34766400
-0.81448100	-0.23594300	-0.35672200
-0.74205500	-0.31888600	-0.34660400
-0.73544000	-0.32743500	-0.34156500
-0.72267100	-0.34545900	-0.32539800
-0.71996500	-0.35112200	-0.31418000
-0.69885700	-0.37360500	-0.29056000
-0.67258300	-0.41685400	-0.14057500
-0.63454000	-0.43570900	-0.18916600
-0.69586200	-0.37577800	-0.29020500
-0.65196300	-0.41615800	-0.23319600
-0.59969300	-0.46059500	-0.15056500
-0.51259000	-0.50391300	-0.08737200
-0.55453200	-0.47980700	-0.14590200
-0.04543800	-0.61949300	0.05158200
-0.29478200	-0.57491200	0.02895100
0.09974900	-0.64271800	0.05446000
0.10830700	-0.64206600	0.04701000
0.25428300	-0.63755500	0.06891200
0.40944100	-0.63009400	0.08121200
0.60660000	-0.60812100	0.06314600
0.62767100	-0.60111400	0.04345200
0.64253100	-0.59696000	0.04445600
0.66343100	-0.58748600	0.02919500
0.68357700	-0.57599400	0.01350900
0.68584700	-0.57476300	0.01363200
0.69730600	-0.56669100	0.00550100
0.69803400	-0.56617000	0.00542600
0.70448200	-0.56024700	0.00041500
0.70914800	-0.55615100	0.00058900
0.71670000	-0.54824400	-0.00462200
0.71706600	-0.54768400	-0.00563600
0.72772600	-0.53253600	-0.01351200
0.74524000	-0.50836100	-0.01330500
0.76970200	-0.46964800	-0.02972500
0.77443700	-0.46193200	-0.02629100
0.80924000	-0.37881700	-0.05131100
0.83463200	-0.31935600	-0.05224800
0.88579500	-0.15619300	-0.14711900
0.89209400	-0.12119400	-0.15156000
0.89428800	-0.10799400	-0.15401800
0.90553500	0.10075000	-0.28886600
0.90324800	0.10877600	-0.29823500
0.90323700	0.10880500	-0.29827500
0.90158100	0.13529300	-0.29975200
0.90136500	0.14126700	-0.29942500
0.89912800	0.14640100	-0.30353200
0.89771000	0.15295000	-0.30229200
0.89377800	0.16465400	-0.30320600
0.88660700	0.18326000	-0.30341600
0.87900400	0.19776800	-0.30404200
0.86478700	0.22204900	-0.30287200
0.80483100	0.30687000	-0.29506200
0.69988800	0.43002000	-0.27220700
0.68295700	0.44609700	-0.27169600
0.59055400	0.53662500	-0.23993600
0.57861600	0.54721300	-0.23557700
0.57489800	0.55084400	-0.23322000
0.51598000	0.59916800	-0.20350800
0.51430000	0.60077300	-0.20170900
0.51388200	0.60104600	-0.20146300
0.51255500	0.60200300	-0.20040600
0.43383900	0.63801400	-0.13791900
0.34956100	0.63237700	-0.14452000
0.30984700	0.63134000	-0.14342000
0.20805500	0.57569900	-0.22322000
-0.10337600	0.51780800	-0.16600700
-0.50889600	0.37951500	-0.19213700
-0.69858500	0.34051500	-0.14612600
-0.74702000	0.30740900	-0.16541100
-0.76114700	0.28941200	-0.18221700
-0.82955600	0.24361500	-0.18548700
-0.86720700	0.19285800	-0.22304400
-0.87164700	0.17753300	-0.23817400
-0.86792700	0.18441400	-0.23422000
-0.92134000	0.10531500	-0.25627500
-0.95477400	0.04971600	-0.24724500
-0.95525300	0.04821000	-0.24760900
-0.96746500	0.01653400	-0.23769800
-0.96788200	0.01374800	-0.23782200
-0.96885800	0.01370100	-0.23544200
-0.97400000	-0.00331500	-0.21943300
-0.96466900	0.00760800	-0.24434400
-0.96370000	-0.00789400	-0.24348000
-0.94103200	-0.04654100	-0.27315900
-0.91743100	-0.07148400	-0.30641600
-0.87901200	-0.11936600	-0.35432900
-0.86951600	-0.14762700	-0.35212200
-0.84801400	-0.17275600	-0.37115300
-0.83737400	-0.18890600	-0.37488900
-0.83399300	-0.19542600	-0.37395300
-0.83188500	-0.20006500	-0.37249500
-0.82885800	-0.20834800	-0.36791700
-0.81924100	-0.22282100	-0.36639800
-0.81062200	-0.23729600	-0.36278500
-0.81047200	-0.23759900	-0.36264700
-0.81036800	-0.23785900	-0.36247500
-0.75615600	-0.29994300	-0.35490200
-0.74550000	-0.31401900	-0.34917100
-0.74233100	-0.31841900	-0.34698400
-0.73453500	-0.32823100	-0.34145100
-0.72647200	-0.33799400	-0.33471100
-0.72142500	-0.34586200	-0.32672800
-0.71957000	-0.34745700	-0.32577300
-0.69632300	-0.37347400	-0.29606100
-0.64456000	-0.41727300	-0.23950900
-0.68057500	-0.38124800	-0.29438100
-0.67711000	-0.38352300	-0.29243300
-0.55460500	-0.47632800	-0.15790200
-0.43142500	-0.49679200	-0.16029100
-0.07814700	-0.56682000	-0.12787900
0.06041400	-0.58850400	-0.12694500
0.11820500	-0.61761300	-0.05093000
0.31245700	-0.61223700	-0.01920600
0.45313000	-0.60282900	-0.00818900
0.63149200	-0.59611600	0.02566700
0.65079100	-0.58794600	0.01423200
0.65621700	-0.58448100	0.00864800
0.68450300	-0.57483500	0.01047000
0.69493000	-0.56727000	0.00203800
0.69703600	-0.56438200	-0.00275300
0.70395500	-0.55765800	-0.00934600
0.70776400	-0.55510800	-0.00916400
0.71301400	-0.54945100	-0.01347800
0.71807700	-0.53520600	-0.03635900
0.73598700	-0.50863400	-0.05263800
0.73971400	-0.50438400	-0.05254900
0.75636600	-0.47730500	-0.06617400
0.75775300	-0.46245100	-0.08913700
0.76680700	-0.42733400	-0.12133200
0.77676200	-0.40185500	-0.13173500
0.83062800	-0.26851800	-0.17939900
0.83339900	-0.26291800	-0.17945600
0.86989500	-0.16458200	-0.20840500
0.86769700	-0.14603300	-0.23474700
0.86788300	-0.13966300	-0.23971900
0.87095200	-0.09794700	-0.26424000
0.88838100	0.00147900	-0.27886800
0.89301600	0.02449600	-0.27965400
0.90111900	0.10872900	-0.30317000
0.90056900	0.10977700	-0.30434700
0.89975400	0.11267400	-0.30597100
0.89882800	0.11736900	-0.30769400
0.89868900	0.12409700	-0.30741900
0.89726600	0.14012100	-0.30834700
0.89708600	0.14677100	-0.30785400
0.89591800	0.14864400	-0.30920500
0.89359100	0.16031500	-0.30654900
0.88961000	0.16965800	-0.30734700
0.86959300	0.20993800	-0.30789000
0.81933100	0.28142500	-0.30292000
0.80510800	0.30622400	-0.29539100
0.62128600	0.50640900	-0.25335900
0.51253700	0.59994500	-0.20382900
0.51265100	0.60075400	-0.20248700
0.50306600	0.59343600	-0.21434300
0.46473900	0.59295600	-0.21388000
0.21005900	0.56920400	-0.23348600
0.20742000	0.56916500	-0.23336600
-0.03063100	0.40061500	-0.38845400
-0.07907300	0.37893400	-0.39983100
-0.27774200	0.34636800	-0.35635300
-0.01098700	0.41110600	-0.38112300
-0.66270000	0.18037900	-0.37940000
-0.75316500	0.16440300	-0.35393900
-0.76616400	0.16934100	-0.34058500
-0.77779200	0.18444500	-0.31431000
-0.85815900	0.08859200	-0.34401200
-0.87849200	0.10606100	-0.30750500
-0.91775700	0.10335900	-0.26275100
-0.85332900	0.07194000	-0.36151900
-0.88097100	0.02557500	-0.36143000
-0.91517700	0.04460800	-0.30733000
-0.93518100	0.04417300	-0.27907600
-0.87654200	0.01695700	-0.37023400
-0.88280500	-0.01043400	-0.36935900
-0.89232200	-0.00915900	-0.35548200
-0.92541400	0.00218400	-0.30521300
-0.86875700	-0.02758800	-0.38694500
-0.86166200	-0.10749100	-0.38231900
-0.86154900	-0.12442400	-0.37927400
-0.84791900	-0.14442600	-0.38882000
-0.84552500	-0.15974100	-0.38320000
-0.84166800	-0.16879300	-0.38242700
-0.83922300	-0.17796400	-0.37965300
-0.75634600	-0.29958400	-0.35508500
-0.73682900	-0.32419100	-0.34485500
-0.73704700	-0.32388600	-0.34505700
-0.71892500	-0.34749400	-0.32623100
-0.72324900	-0.33991500	-0.33435000
-0.44951200	-0.41901800	-0.30121900
-0.23170400	-0.46817300	-0.28093400
-0.01345500	-0.50108800	-0.28199000
0.06636000	-0.56413900	-0.17844300
0.30938500	-0.55874000	-0.13587600
0.42051200	-0.54837600	-0.12732100
0.63662600	-0.54236000	-0.08200600
0.66517900	-0.56013500	-0.03835100
0.66568700	-0.56210700	-0.03421600
0.71133500	-0.54023300	-0.03558800
0.71563000	-0.53549000	-0.03936100
0.71689100	-0.52986600	-0.04636800
0.74081700	-0.49192800	-0.07192400
0.74244600	-0.48850500	-0.07460000
0.78148600	-0.38907500	-0.13711500
0.83179600	-0.25628400	-0.19075300
0.84258100	-0.21711700	-0.21091000
0.86976200	-0.08571100	-0.27323900
0.87426900	-0.05774200	-0.27820900
0.88650600	0.01596300	-0.29052700
0.88687800	0.01919300	-0.29128400
0.89458000	0.12841100	-0.31306900
0.89452600	0.13211100	-0.31288500
0.89241200	0.14856700	-0.31389100
0.89240500	0.14906500	-0.31384500
0.89121900	0.15058000	-0.31472200
0.88897100	0.16309700	-0.31153000
0.87085500	0.19467600	-0.31460900
0.86779800	0.21010400	-0.30976800
0.83069700	0.25259200	-0.31495100
0.70010400	0.38701400	-0.30806200
0.67627100	0.44567500	-0.27716400
0.63197900	0.49153200	-0.26127200
0.50242500	0.56759300	-0.24283400
0.50363600	0.57398500	-0.23581400
0.41139500	0.48663100	-0.32978800
0.39468400	0.46509500	-0.35071100
-0.27138800	0.21338400	-0.49751100
-0.36079800	0.16957400	-0.50834700
-0.49637200	0.15049200	-0.47540100
-0.63739400	0.06887200	-0.48279000
-0.65921600	0.06250300	-0.47873600
-0.75746000	0.04766400	-0.44900300
-0.76004400	0.04869400	-0.44704200
-0.76528000	0.04697400	-0.44480200
-0.82199800	0.04926800	-0.40282700
-0.78539900	0.02077500	-0.44511900
-0.79065700	0.01724600	-0.44333400
-0.81059100	0.01076800	-0.43268300
-0.81821900	0.00997800	-0.42765600
-0.81913000	0.01054300	-0.42668400
-0.85344300	0.01119200	-0.39469000
-0.82110900	-0.00071700	-0.42735100
-0.84102000	-0.02632700	-0.41456100
-0.84233600	-0.02711100	-0.41351300
-0.84591200	-0.03021100	-0.41052100
-0.84600000	-0.07380400	-0.40384300
-0.84577600	-0.14486100	-0.39082600
-0.84516600	-0.08029000	-0.40344600
-0.84464400	-0.14624200	-0.39127500
-0.83500800	-0.18827500	-0.37722800
-0.83673200	-0.18230500	-0.37923000
-0.75641500	-0.29937500	-0.35521200
-0.73851900	-0.31939100	-0.34832800
-0.72318000	-0.33881400	-0.33568700
-0.44454700	-0.37831700	-0.35118600
-0.36271400	-0.40020700	-0.34339200
-0.04957100	-0.44534100	-0.34764700
-0.01082600	-0.48638100	-0.30177000
0.25032900	-0.48228400	-0.25367300
0.35937400	-0.46777200	-0.24549900
0.57796200	-0.46473400	-0.19576200
0.64193100	-0.51860200	-0.11111600
0.64262900	-0.52048600	-0.10853300
0.74936000	-0.45642400	-0.10548700
0.76590300	-0.42812700	-0.12136600
0.84260100	-0.21657600	-0.21132600
0.84319500	-0.21398700	-0.21263400
0.88511700	0.01338900	-0.29137500
0.88679400	0.01959400	-0.29155200
0.88754600	0.13612400	-0.31942200
0.88308400	0.13913000	-0.32299700
0.88069100	0.15136200	-0.32381200
0.86727600	0.16057300	-0.33198300
0.85313800	0.16037900	-0.34119600
0.83571800	0.16572800	-0.35007900
0.76288900	0.24913300	-0.36025300
0.74158700	0.25524300	-0.36968200
0.70280300	0.30018100	-0.36428900
0.68995600	0.30164600	-0.36746200
0.39173400	0.40282500	-0.39695300
0.39461900	0.41440600	-0.38840900
0.27994100	0.28768000	-0.47990600
0.22376500	0.28766500	-0.47856900
-0.15636800	0.21148000	-0.50577000
-0.46805600	0.10115500	-0.51824400
-0.56787300	0.07859200	-0.49972900
-0.39771300	0.13529600	-0.51899000
-0.71339600	0.04521600	-0.46659700
-0.75690600	0.03844500	-0.45352100
-0.66608500	0.05647400	-0.47899200
-0.76886900	0.02851800	-0.45113600
-0.79420300	0.01471600	-0.44168700
-0.80967200	0.00784700	-0.43375300
-0.79077500	0.01690200	-0.44332700
-0.84135000	-0.07248200	-0.40732300
-0.84139800	-0.14668100	-0.39323100
-0.83947000	-0.08209300	-0.40668200
-0.84113100	-0.14640100	-0.39345100
-0.73787600	-0.29951200	-0.36365800
-0.73678700	-0.29984400	-0.36391000
-0.72663600	-0.29394100	-0.37021800
-0.44771900	-0.32929000	-0.38901500
-0.36427400	-0.35760100	-0.38076300
-0.04350000	-0.40232600	-0.38645200
-0.03298300	-0.39328800	-0.39276900
0.18062200	-0.39092700	-0.35250900
0.58838600	-0.40544400	-0.24285000
0.37684300	-0.35160100	-0.33846800
0.53552300	-0.35177500	-0.30037300
0.58094600	-0.39143100	-0.25634800
0.84481900	-0.15981700	-0.24651700
0.86936300	-0.08571700	-0.27357900
0.86646700	-0.08096800	-0.27756800
0.87572900	-0.01376600	-0.29085600
0.88506800	0.01358100	-0.29147700
0.84528600	0.14060700	-0.34750600
0.83673200	0.13819800	-0.35239100
0.78559100	0.14045300	-0.37986600
0.77693500	0.16621600	-0.38187800
0.73703200	0.18541600	-0.39680500
0.64919800	0.15389800	-0.43384900
0.51619400	0.16905500	-0.46670500
0.41774200	0.21765600	-0.47721000
0.27871700	0.23674900	-0.50414500
0.21939000	0.17257000	-0.53330600
-0.06281900	0.17075700	-0.52741400
-0.17752200	0.13164000	-0.53480500
-0.61777700	0.06293500	-0.49087400
-0.76851800	0.02735100	-0.45142500
-0.77997400	0.01921000	-0.44759100
-0.72231000	-0.15241100	-0.43418800
-0.70760400	-0.15957200	-0.43640100
-0.62556800	-0.13453600	-0.45874200
-0.45919700	-0.15561400	-0.46995700
-0.22493900	-0.27125600	-0.44496100
-0.02233400	-0.30071600	-0.44784800
0.04241300	-0.23838100	-0.47369100
0.10766600	-0.23727400	-0.46163000
0.45821400	-0.11772800	-0.43904200
0.55225000	-0.11783500	-0.41646500
0.57458600	-0.09823000	-0.41563300
0.66835300	-0.06522200	-0.38589800
0.76653500	0.13322700	-0.38792600
0.64437800	0.13937800	-0.43660800
0.40795400	0.10169800	-0.50173700
0.37661500	0.13758800	-0.50611500
0.53770900	0.09431400	-0.46891400
0.21921400	0.16846700	-0.53434800
0.18107000	0.13087700	-0.54307300
-0.12167200	0.11178600	-0.54112500
-0.19402500	0.07193300	-0.54093500
-0.46591600	0.09146800	-0.51957500
-0.16032300	0.07785900	-0.54256500
-0.55347800	0.05792400	-0.50459500
-0.06352600	-0.07751600	-0.52270400
0.05534600	-0.10154200	-0.52205700
0.11905800	-0.04191700	-0.53203100
0.21832900	-0.03471100	-0.51573400
0.36417200	0.09330300	-0.51030000
0.17948000	0.10437900	-0.54447900
0.12673000	0.05807700	-0.54644400
2024
3 1 2 3
3 1 3 4
3 5 6 7
3 5 7 8
3 9 10 11
3 9 11 12
3 9 12 13
3 14 3 2
3 14 2 15
3 14 15 5
3 14 5 8
3 14 8 16
3 14 16 10
3 14 10 9
3 14 9 17
3 18 19 20
3 18 20 21
3 18 21 22
3 18 22 23
3 18 23 14
3 18 14 17
3 18 17 24
3 18 24 25
3 23 26 4
3 23 4 3
3 23 3 14
3 22 26 23
3 27 7 6
3 27 6 28
3 8 7 27
3 8 27 29
3 8 29 16
3 11 30 31
3 11 31 32
3 11 32 12
3 13 12 32
3 13 32 33
3 13 33 34
3 34 33 35
3 34 35 36
3 34 36 37
3 34 37 38
3 39 38 37
3 39 37 40
3 39 40 41
3 39 41 42
3 39 42 43
3 24 17 9
3 24 9 13
3 24 13 34
3 24 34 38
3 24 38 39
3 44 45 25
3 44 25 24
3 44 24 39
3 44 39 43
3 44 43 46
3 44 46 47
3 48 45 44
3 48 44 49
3 48 49 50
3 51 52 18
3 51 18 25
3 51 25 45
3 51 45 48
3 53 54 55
3 53 55 56
3 53 56 57
3 53 57 19
3 53 19 18
3 53 18 52
3 57 58 20
3 57 20 19
3 56 58 57
3 15 59 28
3 15 28 6
3 15 6 5
3 60 61 62
3 60 62 29
3 60 29 27
3 60 27 28
3 60 28 59
3 60 59 63
3 16 29 62
3 16 62 64
3 16 64 30
3 16 30 11
3 16 11 10
3 64 65 66
3 64 66 67
3 64 67 68
3 64 68 69
3 64 69 31
3 64 31 30
3 69 68 70
3 69 70 71
3 69 71 72
3 32 31 69
3 32 69 72
3 32 72 73
3 32 73 35
3 32 35 33
3 35 73 74
3 35 74 75
3 35 75 36
3 37 36 75
3 37 75 76
3 37 76 40
3 40 76 77
3 40 77 41
3 78 79 80
3 78 80 81
3 78 81 82
3 78 82 83
3 46 43 42
3 46 42 84
3 46 84 78
3 46 78 83
3 46 83 85
3 46 85 86
3 87 47 46
3 87 46 86
3 87 86 88
3 87 88 89
3 90 91 49
3 90 49 44
3 90 44 47
3 90 47 87
3 92 93 94
3 92 94 91
3 92 91 90
3 95 94 93
3 95 93 96
3 95 96 97
3 95 97 98
3 99 50 49
3 99 49 91
3 99 91 94
3 99 94 95
3 100 101 102
3 100 102 103
3 100 103 51
3 100 51 48
3 100 48 50
3 100 50 99
3 103 104 105
3 103 105 106
3 103 106 53
3 103 53 52
3 103 52 51
3 102 107 104
3 102 104 103
3 108 55 54
3 108 54 109
3 106 109 54
3 106 54 53
3 21 110 1
3 21 1 4
3 21 4 26
3 21 26 22
3 63 59 15
3 63 15 2
3 63 2 1
3 63 1 110
3 111 112 61
3 111 61 60
3 111 60 113
3 114 65 64
3 114 64 62
3 114 62 61
3 114 61 112
3 115 116 117
3 115 117 66
3 115 66 65
3 115 65 114
3 117 118 119
3 117 119 120
3 117 120 121
3 117 121 122
3 117 122 67
3 117 67 66
3 121 123 124
3 121 124 125
3 121 125 126
3 121 126 122
3 126 125 127
3 126 127 128
3 126 128 129
3 126 129 130
3 126 130 131
3 67 122 126
3 67 126 131
3 67 131 132
3 67 132 70
3 67 70 68
3 71 70 132
3 71 132 133
3 71 133 134
3 71 134 135
3 74 73 72
3 74 72 71
3 74 71 135
3 74 135 136
3 77 76 75
3 77 75 74
3 77 74 136
3 77 136 137
3 77 137 138
3 42 41 77
3 42 77 138
3 42 138 139
3 42 139 84
3 84 139 140
3 84 140 79
3 84 79 78
3 81 141 142
3 81 142 143
3 81 143 82
3 83 82 143
3 83 143 144
3 83 144 85
3 86 85 144
3 86 144 145
3 86 145 146
3 86 146 147
3 86 147 148
3 86 148 88
3 89 88 148
3 89 148 149
3 89 149 150
3 150 149 151
3 150 151 152
3 150 152 153
3 154 96 93
3 154 93 92
3 155 97 96
3 155 96 154
3 156 157 158
3 156 158 159
3 98 97 155
3 98 155 158
3 98 158 157
3 160 161 162
3 160 162 100
3 160 100 99
3 160 99 95
3 160 95 98
3 160 98 157
3 160 157 156
3 162 163 164
3 162 164 165
3 162 165 101
3 162 101 100
3 164 166 167
3 164 167 168
3 164 168 165
3 165 168 169
3 165 169 170
3 165 170 107
3 165 107 102
3 165 102 101
3 167 171 172
3 167 172 169
3 167 169 168
3 170 173 105
3 170 105 104
3 170 104 107
3 169 172 174
3 169 174 175
3 169 175 173
3 169 173 170
3 105 173 175
3 105 175 176
3 105 176 177
3 105 177 108
3 105 108 109
3 105 109 106
3 177 113 60
3 177 60 63
3 177 63 110
3 177 110 21
3 177 21 20
3 177 20 58
3 177 58 56
3 177 56 55
3 177 55 108
3 176 178 179
3 176 179 180
3 176 180 111
3 176 111 113
3 176 113 177
3 180 181 182
3 180 182 115
3 180 115 114
3 180 114 112
3 180 112 111
3 182 183 184
3 182 184 185
3 182 185 116
3 182 116 115
3 185 186 118
3 185 118 117
3 185 117 116
3 187 119 118
3 187 118 186
3 187 186 188
3 124 189 127
3 124 127 125
3 127 189 190
3 127 190 128
3 191 192 193
3 191 193 194
3 191 194 195
3 130 129 191
3 130 191 195
3 130 195 196
3 196 195 194
3 196 194 197
3 196 197 198
3 196 198 199
3 196 199 200
3 132 131 130
3 132 130 196
3 132 196 200
3 132 200 201
3 132 201 133
3 134 133 201
3 134 201 202
3 134 202 203
3 136 135 134
3 136 134 203
3 136 203 204
3 136 204 205
3 136 205 137
3 138 137 205
3 138 205 206
3 138 206 207
3 138 207 208
3 138 208 140
3 138 140 139
3 140 208 209
3 140 209 80
3 140 80 79
3 80 209 210
3 80 210 211
3 80 211 141
3 80 141 81
3 142 141 211
3 142 211 212
3 142 212 213
3 142 213 214
3 144 143 142
3 144 142 214
3 144 214 145
3 215 147 146
3 215 146 216
3 215 216 217
3 215 217 218
3 215 218 219
3 148 147 215
3 148 215 151
3 148 151 149
3 220 152 151
3 220 151 215
3 220 215 219
3 220 219 221
3 220 221 222
3 153 152 220
3 153 220 223
3 153 223 224
3 225 224 223
3 225 223 226
3 227 228 229
3 227 229 230
3 230 229 231
3 232 233 234
3 232 234 235
3 232 235 236
3 232 236 237
3 232 237 238
3 232 238 239
3 232 239 240
3 240 160 156
3 240 156 159
3 240 159 227
3 240 227 230
3 240 230 231
3 240 231 232
3 239 241 242
3 239 242 243
3 239 243 161
3 239 161 160
3 239 160 240
3 243 244 245
3 243 245 163
3 243 163 162
3 243 162 161
3 246 247 248
3 246 248 249
3 246 249 245
3 246 245 244
3 245 249 250
3 245 250 166
3 245 166 164
3 245 164 163
3 248 251 252
3 248 252 250
3 248 250 249
3 250 252 253
3 250 253 171
3 250 171 167
3 250 167 166
3 254 255 256
3 254 256 253
3 254 253 252
3 254 252 251
3 254 251 257
3 253 256 258
3 253 258 259
3 253 259 174
3 253 174 172
3 253 172 171
3 260 261 262
3 260 262 263
3 260 263 264
3 260 264 258
3 260 258 256
3 260 256 255
3 258 264 265
3 258 265 266
3 258 266 267
3 258 267 259
3 174 259 267
3 174 267 268
3 174 268 178
3 174 178 176
3 174 176 175
3 268 269 270
3 268 270 179
3 268 179 178
3 179 270 271
3 179 271 272
3 179 272 273
3 179 273 181
3 179 181 180
3 273 274 275
3 273 275 276
3 273 276 183
3 273 183 182
3 273 182 181
3 276 277 184
3 276 184 183
3 184 277 188
3 184 188 186
3 184 186 185
3 278 279 120
3 278 120 119
3 278 119 187
3 120 279 280
3 120 280 123
3 120 123 121
3 128 190 281
3 128 281 282
3 128 282 192
3 128 192 191
3 128 191 129
3 282 283 284
3 282 284 193
3 282 193 192
3 285 286 287
3 285 287 288
3 285 288 289
3 194 193 284
3 194 284 285
3 194 285 289
3 194 289 290
3 194 290 197
3 289 288 291
3 289 291 292
3 289 292 290
3 197 290 292
3 197 292 293
3 197 293 294
3 197 294 198
3 199 198 294
3 199 294 295
3 201 200 199
3 201 199 295
3 201 295 296
3 201 296 297
3 201 297 202
3 203 202 297
3 203 297 298
3 203 298 299
3 203 299 204
3 205 204 299
3 205 299 300
3 205 300 301
3 205 301 302
3 205 302 206
3 206 302 303
3 206 303 304
3 206 304 305
3 206 305 306
3 206 306 207
3 207 306 307
3 207 307 210
3 207 210 209
3 207 209 208
3 210 307 308
3 210 308 309
3 210 309 310
3 210 310 212
3 210 212 211
3 213 212 310
3 213 310 311
3 213 311 312
3 145 214 213
3 145 213 312
3 145 312 216
3 145 216 146
3 217 313 314
3 217 314 315
3 217 315 316
3 217 316 218
3 219 218 316
3 219 316 317
3 219 317 318
3 219 318 221
3 318 317 319
3 318 319 320
3 318 320 321
3 318 321 322
3 318 322 323
3 222 221 318
3 222 318 323
3 222 323 324
3 222 324 325
3 222 325 326
3 326 325 327
3 326 327 328
3 326 328 329
3 326 329 330
3 326 330 331
3 326 331 332
3 326 332 333
3 326 333 334
3 226 223 220
3 226 220 222
3 226 222 326
3 226 326 334
3 226 334 335
3 335 334 333
3 335 333 336
3 335 336 337
3 335 337 338
3 335 338 339
3 335 339 340
3 232 231 229
3 232 229 228
3 232 228 225
3 232 225 226
3 232 226 335
3 232 335 340
3 232 340 233
3 233 340 339
3 233 339 341
3 233 341 234
3 236 342 343
3 236 343 344
3 236 344 345
3 236 345 346
3 236 346 347
3 236 347 348
3 236 348 237
3 237 348 349
3 237 349 350
3 237 350 351
3 237 351 238
3 350 352 353
3 350 353 354
3 350 354 355
3 350 355 356
3 350 356 357
3 350 357 358
3 350 358 351
3 238 351 358
3 238 358 359
3 238 359 241
3 238 241 239
3 359 360 361
3 359 361 362
3 359 362 242
3 359 242 241
3 242 362 363
3 242 363 246
3 242 246 244
3 242 244 243
3 363 364 365
3 363 365 366
3 363 366 367
3 363 367 247
3 363 247 246
3 367 257 251
3 367 251 248
3 367 248 247
3 366 368 369
3 366 369 254
3 366 254 257
3 366 257 367
3 369 370 260
3 369 260 255
3 369 255 254
3 371 372 373
3 371 373 374
3 371 374 375
3 371 375 376
3 371 376 370
3 371 370 369
3 371 369 368
3 376 261 260
3 376 260 370
3 375 377 378
3 375 378 379
3 375 379 380
3 375 380 381
3 375 381 262
3 375 262 261
3 375 261 376
3 381 382 383
3 381 383 263
3 381 263 262
3 263 383 384
3 263 384 265
3 263 265 264
3 267 266 385
3 267 385 386
3 267 386 269
3 267 269 268
3 386 387 388
3 386 388 271
3 386 271 270
3 386 270 269
3 271 388 389
3 271 389 390
3 271 390 272
3 272 390 391
3 272 391 274
3 272 274 273
3 391 392 393
3 391 393 394
3 391 394 395
3 391 395 275
3 391 275 274
3 275 395 278
3 275 278 187
3 275 187 188
3 275 188 277
3 275 277 276
3 394 396 397
3 394 397 398
3 394 398 280
3 394 280 279
3 394 279 278
3 394 278 395
3 398 399 281
3 398 281 190
3 398 190 189
3 398 189 124
3 398 124 123
3 398 123 280
3 400 401 402
3 400 402 403
3 400 403 404
3 400 404 283
3 400 283 282
3 400 282 281
3 400 281 399
3 284 283 404
3 284 404 405
3 284 405 406
3 284 406 286
3 284 286 285
3 407 405 404
3 407 404 403
3 407 403 408
3 407 408 409
3 407 409 410
3 407 410 411
3 407 411 412
3 407 412 413
3 414 415 406
3 414 406 405
3 414 405 407
3 414 407 416
3 406 415 417
3 406 417 287
3 406 287 286
3 418 417 415
3 418 415 414
3 291 288 287
3 291 287 417
3 291 417 418
3 291 418 419
3 293 292 291
3 293 291 419
3 293 419 420
3 293 420 421
3 295 294 293
3 295 293 421
3 295 421 422
3 295 422 296
3 297 296 422
3 297 422 423
3 297 423 424
3 297 424 298
3 299 298 424
3 299 424 425
3 299 425 426
3 299 426 300
3 300 426 427
3 300 427 428
3 300 428 429
3 300 429 301
3 301 429 430
3 301 430 431
3 301 431 303
3 301 303 302
3 303 431 432
3 303 432 433
3 303 433 434
3 303 434 304
3 305 435 308
3 305 308 307
3 305 307 306
3 309 308 435
3 309 435 436
3 309 436 437
3 309 437 438
3 311 310 309
3 311 309 438
3 311 438 439
3 311 439 440
3 216 312 311
3 216 311 440
3 216 440 313
3 216 313 217
3 314 441 442
3 314 442 443
3 314 443 315
3 316 315 443
3 316 443 319
3 316 319 317
3 323 322 444
3 323 444 324
3 324 444 445
3 324 445 327
3 324 327 325
3 331 446 447
3 331 447 448
3 331 448 449
3 331 449 332
3 333 332 449
3 333 449 450
3 333 450 451
3 333 451 452
3 333 452 336
3 336 452 453
3 336 453 454
3 336 454 337
3 337 454 455
3 337 455 456
3 337 456 457
3 337 457 458
3 337 458 459
3 337 459 338
3 339 338 459
3 339 459 460
3 339 460 461
3 339 461 341
3 234 341 461
3 234 461 462
3 234 462 463
3 234 463 235
3 235 463 464
3 235 464 342
3 235 342 236
3 347 465 349
3 347 349 348
3 349 465 352
3 349 352 350
3 354 466 467
3 354 467 468
3 354 468 469
3 354 469 470
3 354 470 355
3 355 470 471
3 355 471 472
3 355 472 356
3 356 472 473
3 356 473 474
3 356 474 475
3 356 475 357
3 358 357 475
3 358 475 476
3 358 476 477
3 358 477 360
3 358 360 359
3 477 478 479
3 477 479 361
3 477 361 360
3 361 479 480
3 361 480 481
3 361 481 364
3 361 364 363
3 361 363 362
3 481 482 483
3 481 483 484
3 481 484 485
3 481 485 486
3 481 486 487
3 481 487 365
3 481 365 364
3 365 487 488
3 365 488 371
3 365 371 368
3 365 368 366
3 486 489 490
3 486 490 491
3 486 491 492
3 486 492 493
3 486 493 494
3 486 494 495
3 486 495 488
3 486 488 487
3 488 495 372
3 488 372 371
3 494 496 497
3 494 497 498
3 494 498 499
3 494 499 373
3 494 373 372
3 494 372 495
3 374 377 375
3 373 499 378
3 373 378 377
3 373 377 374
3 379 500 501
3 379 501 502
3 379 502 380
3 380 502 382
3 380 382 381
3 265 384 503
3 265 503 504
3 265 504 385
3 265 385 266
3 385 504 505
3 385 505 387
3 385 387 386
3 505 506 507
3 505 507 389
3 505 389 388
3 505 388 387
3 389 507 508
3 389 508 392
3 389 392 391
3 389 391 390
3 508 509 510
3 508 510 393
3 508 393 392
3 393 510 511
3 393 511 512
3 393 512 396
3 393 396 394
3 512 513 514
3 512 514 515
3 512 515 397
3 512 397 396
3 397 515 516
3 397 516 517
3 397 517 518
3 397 518 400
3 397 400 399
3 397 399 398
3 518 519 520
3 518 520 521
3 518 521 522
3 518 522 401
3 518 401 400
3 522 523 524
3 522 524 525
3 522 525 526
3 522 526 402
3 522 402 401
3 525 524 527
3 525 527 528
3 525 528 529
3 525 529 530
3 525 530 531
3 525 531 532
3 525 532 533
3 402 526 534
3 402 534 408
3 402 408 403
3 535 534 526
3 535 526 525
3 535 525 533
3 535 533 536
3 537 409 408
3 537 408 534
3 537 534 535
3 410 409 537
3 538 412 411
3 413 412 538
3 413 538 539
3 540 416 407
3 540 407 413
3 540 413 539
3 540 539 541
3 420 419 418
3 420 418 414
3 420 414 416
3 420 416 540
3 422 421 420
3 422 420 540
3 422 540 541
3 422 541 542
3 422 542 543
3 422 543 544
3 422 544 423
3 424 423 544
3 424 544 545
3 424 545 425
3 425 545 546
3 425 546 547
3 425 547 548
3 425 548 427
3 425 427 426
3 427 548 549
3 427 549 428
3 428 549 550
3 428 550 551
3 428 551 552
3 428 552 430
3 428 430 429
3 430 552 553
3 430 553 432
3 430 432 431
3 432 553 554
3 432 554 555
3 432 555 433
3 304 434 556
3 304 556 557
3 304 557 436
3 304 436 435
3 304 435 305
3 436 557 558
3 436 558 437
3 438 437 558
3 438 558 559
3 438 559 560
3 438 560 439
3 440 439 560
3 440 560 561
3 440 561 441
3 440 441 314
3 440 314 313
3 319 443 442
3 319 442 562
3 319 562 563
3 319 563 564
3 319 564 320
3 320 564 321
3 327 445 565
3 327 565 566
3 327 566 328
3 328 566 329
3 447 567 568
3 447 568 448
3 449 448 568
3 449 568 569
3 449 569 570
3 449 570 450
3 451 571 572
3 451 572 453
3 451 453 452
3 453 572 573
3 453 573 574
3 453 574 455
3 453 455 454
3 455 574 575
3 455 575 456
3 459 458 576
3 459 576 460
3 461 460 576
3 461 576 577
3 461 577 462
3 464 578 579
3 464 579 343
3 464 343 342
3 343 579 580
3 343 580 344
3 581 466 354
3 581 354 353
3 582 467 466
3 582 466 581
3 469 583 584
3 469 584 471
3 469 471 470
3 471 584 585
3 471 585 586
3 471 586 473
3 471 473 472
3 473 586 587
3 473 587 588
3 473 588 589
3 473 589 474
3 475 474 589
3 475 589 590
3 475 590 591
3 475 591 592
3 475 592 476
3 476 592 593
3 476 593 594
3 476 594 595
3 476 595 596
3 476 596 478
3 476 478 477
3 596 597 598
3 596 598 599
3 596 599 480
3 596 480 479
3 596 479 478
3 480 599 600
3 480 600 601
3 480 601 602
3 480 602 603
3 480 603 482
3 480 482 481
3 484 604 605
3 484 605 606
3 484 606 607
3 484 607 608
3 484 608 485
3 485 608 609
3 485 609 610
3 485 610 489
3 485 489 486
3 610 490 489
3 491 611 492
3 493 496 494
3 612 498 497
3 613 500 379
3 613 379 378
3 613 378 499
3 613 499 498
3 613 498 612
3 614 615 616
3 614 616 501
3 614 501 500
3 614 500 613
3 616 617 503
3 616 503 384
3 616 384 383
3 616 383 382
3 616 382 502
3 616 502 501
3 503 617 618
3 503 618 619
3 503 619 506
3 503 506 505
3 503 505 504
3 619 620 509
3 619 509 508
3 619 508 507
3 619 507 506
3 621 622 511
3 621 511 510
3 621 510 509
3 621 509 620
3 511 622 513
3 511 513 512
3 623 516 515
3 623 515 514
3 623 514 624
3 625 626 627
3 625 627 517
3 625 517 516
3 625 516 623
3 517 627 628
3 517 628 629
3 517 629 630
3 517 630 519
3 517 519 518
3 630 631 632
3 630 632 520
3 630 520 519
3 521 633 634
3 521 634 523
3 521 523 522
3 634 635 636
3 634 636 527
3 634 527 524
3 634 524 523
3 529 637 638
3 529 638 530
3 530 638 639
3 530 639 640
3 530 640 531
3 532 531 640
3 532 640 641
3 532 641 642
3 641 640 639
3 641 639 643
3 641 643 644
3 536 533 532
3 536 532 642
3 536 642 645
3 645 642 641
3 645 641 644
3 645 644 646
3 541 539 538
3 541 538 411
3 541 411 410
3 541 410 537
3 541 537 535
3 541 535 536
3 541 536 645
3 541 645 646
3 541 646 647
3 541 647 542
3 542 647 648
3 542 648 649
3 542 649 650
3 542 650 543
3 544 543 650
3 544 650 651
3 544 651 652
3 544 652 546
3 544 546 545
3 651 653 654
3 651 654 655
3 651 655 656
3 651 656 657
3 651 657 658
3 651 658 652
3 546 652 658
3 546 658 659
3 546 659 660
3 546 660 547
3 661 660 659
3 661 659 662
3 661 662 663
3 547 660 661
3 547 661 664
3 547 664 550
3 547 550 549
3 547 549 548
3 665 551 550
3 665 550 664
3 665 664 666
3 554 553 552
3 554 552 551
3 554 551 665
3 667 556 434
3 667 434 433
3 667 433 555
3 667 555 668
3 558 557 556
3 558 556 667
3 558 667 669
3 558 669 559
3 560 559 669
3 560 669 670
3 560 670 671
3 560 671 561
3 442 441 561
3 442 561 671
3 442 671 672
3 442 672 562
3 321 564 563
3 321 563 673
3 321 673 565
3 321 565 445
3 321 445 444
3 321 444 322
3 329 566 565
3 329 565 673
3 329 673 674
3 329 674 675
3 329 675 330
3 330 675 676
3 330 676 446
3 330 446 331
3 568 567 677
3 568 677 678
3 568 678 569
3 569 678 679
3 569 679 680
3 569 680 570
3 450 570 680
3 450 680 681
3 450 681 682
3 450 682 571
3 450 571 451
3 682 683 573
3 682 573 572
3 682 572 571
3 573 683 684
3 573 684 685
3 573 685 686
3 573 686 575
3 573 575 574
3 456 575 686
3 456 686 687
3 456 687 688
3 456 688 457
3 576 458 457
3 576 457 688
3 576 688 689
3 576 689 690
3 576 690 577
3 462 577 690
3 462 690 578
3 462 578 464
3 462 464 463
3 344 580 691
3 344 691 692
3 344 692 345
3 345 692 693
3 345 693 346
3 694 695 468
3 694 468 467
3 694 467 582
3 696 697 698
3 696 698 583
3 696 583 469
3 696 469 468
3 696 468 695
3 698 699 700
3 698 700 585
3 698 585 584
3 698 584 583
3 585 700 701
3 585 701 587
3 585 587 586
3 589 588 702
3 589 702 703
3 589 703 590
3 591 704 593
3 591 593 592
3 595 705 597
3 595 597 596
3 600 706 707
3 600 707 601
3 603 708 709
3 603 709 710
3 603 710 483
3 603 483 482
3 606 711 712
3 606 712 607
3 607 712 713
3 607 713 714
3 607 714 609
3 607 609 608
3 492 611 715
3 492 715 614
3 492 614 613
3 492 613 612
3 492 612 497
3 492 497 496
3 492 496 493
3 716 717 615
3 716 615 614
3 716 614 715
3 718 719 618
3 718 618 617
3 718 617 616
3 718 616 615
3 718 615 717
3 720 721 621
3 720 621 620
3 720 620 619
3 720 619 618
3 720 618 719
3 722 624 514
3 722 514 513
3 722 513 622
3 722 622 621
3 722 621 721
3 723 724 625
3 723 625 623
3 723 623 624
3 723 624 722
3 725 626 625
3 725 625 724
3 726 628 627
3 726 627 626
3 726 626 725
3 726 725 727
3 728 631 630
3 728 630 629
3 520 632 729
3 520 729 633
3 520 633 521
3 730 635 634
3 730 634 633
3 730 633 729
3 527 636 731
3 527 731 528
3 528 731 732
3 528 732 733
3 528 733 637
3 528 637 529
3 643 639 638
3 643 638 637
3 643 637 733
3 643 733 734
3 734 733 732
3 734 732 735
3 734 735 736
3 646 644 643
3 646 643 734
3 646 734 736
3 646 736 737
3 646 737 648
3 646 648 647
3 648 737 738
3 648 738 739
3 648 739 740
3 648 740 649
3 650 649 740
3 650 740 741
3 650 741 742
3 650 742 743
3 650 743 744
3 650 744 745
3 650 745 653
3 650 653 651
3 745 746 747
3 745 747 748
3 745 748 749
3 745 749 654
3 745 654 653
3 655 654 749
3 655 749 750
3 655 750 751
3 655 751 752
3 657 656 753
3 657 753 754
3 657 754 755
3 662 659 658
3 662 658 657
3 662 657 755
3 662 755 756
3 662 756 757
3 758 663 662
3 758 662 757
3 758 757 759
3 758 759 760
3 666 664 661
3 666 661 663
3 666 663 758
3 666 758 761
3 668 555 554
3 668 554 665
3 668 665 666
3 668 666 761
3 668 761 762
3 668 762 763
3 670 669 667
3 670 667 668
3 670 668 763
3 670 763 764
3 670 764 765
3 672 671 670
3 672 670 765
3 672 765 766
3 673 563 562
3 673 562 672
3 673 672 766
3 673 766 767
3 673 767 768
3 673 768 674
3 674 768 769
3 674 769 676
3 674 676 675
3 676 769 770
3 676 770 771
3 676 771 677
3 676 677 567
3 676 567 447
3 676 447 446
3 771 772 679
3 771 679 678
3 771 678 677
3 680 679 772
3 680 772 773
3 680 773 774
3 680 774 775
3 680 775 681
3 681 775 776
3 681 776 684
3 681 684 683
3 681 683 682
3 776 777 778
3 776 778 779
3 776 779 685
3 776 685 684
3 686 685 779
3 686 779 780
3 686 780 687
3 688 687 780
3 688 780 781
3 688 781 782
3 688 782 783
3 688 783 784
3 688 784 785
3 688 785 689
3 690 689 785
3 690 785 786
3 690 786 691
3 690 691 580
3 690 580 579
3 690 579 578
3 691 786 787
3 691 787 788
3 691 788 789
3 691 789 790
3 691 790 791
3 691 791 693
3 691 693 692
3 346 693 791
3 346 791 694
3 346 694 582
3 346 582 581
3 346 581 353
3 346 353 352
3 346 352 465
3 346 465 347
3 792 793 794
3 792 794 795
3 792 795 796
3 792 796 697
3 792 697 696
3 796 797 798
3 796 798 699
3 796 699 698
3 796 698 697
3 798 799 800
3 798 800 701
3 798 701 700
3 798 700 699
3 587 701 800
3 587 800 801
3 587 801 702
3 587 702 588
3 590 703 802
3 590 802 704
3 590 704 591
3 594 803 804
3 594 804 705
3 594 705 595
3 598 706 600
3 598 600 599
3 602 805 708
3 602 708 603
3 483 710 604
3 483 604 484
3 806 807 713
3 806 713 712
3 806 712 711
3 713 807 714
3 609 714 807
3 609 807 806
3 609 806 808
3 609 808 809
3 609 809 716
3 609 716 715
3 609 715 611
3 609 611 491
3 609 491 490
3 609 490 610
3 809 810 811
3 809 811 718
3 809 718 717
3 809 717 716
3 812 813 814
3 812 814 720
3 812 720 719
3 812 719 718
3 812 718 811
3 812 811 815
3 814 816 817
3 814 817 818
3 814 818 819
3 814 819 723
3 814 723 722
3 814 722 721
3 814 721 720
3 819 727 725
3 819 725 724
3 819 724 723
3 818 820 821
3 818 821 726
3 818 726 727
3 818 727 819
3 821 822 728
3 821 728 629
3 821 629 628
3 821 628 726
3 823 824 825
3 823 825 822
3 823 822 821
3 823 821 820
3 825 826 730
3 825 730 729
3 825 729 632
3 825 632 631
3 825 631 728
3 825 728 822
3 827 828 829
3 827 829 830
3 827 830 826
3 827 826 825
3 827 825 824
3 830 735 732
3 830 732 731
3 830 731 636
3 830 636 635
3 830 635 730
3 830 730 826
3 736 735 830
3 736 830 829
3 736 829 738
3 736 738 737
3 738 829 828
3 738 828 831
3 738 831 832
3 738 832 833
3 738 833 739
3 740 739 833
3 740 833 834
3 740 834 835
3 740 835 741
3 741 835 836
3 741 836 837
3 741 837 742
3 744 746 745
3 750 749 748
3 750 748 838
3 839 753 656
3 839 656 655
3 839 655 752
3 839 752 840
3 841 756 755
3 841 755 754
3 841 754 842
3 757 756 841
3 757 841 759
3 762 761 758
3 762 758 760
3 762 760 843
3 762 843 844
3 764 763 762
3 764 762 844
3 764 844 845
3 764 845 846
3 766 765 764
3 766 764 846
3 766 846 847
3 766 847 767
3 767 847 848
3 767 848 849
3 767 849 850
3 767 850 851
3 767 851 770
3 767 770 769
3 767 769 768
3 770 851 773
3 770 773 772
3 770 772 771
3 773 851 850
3 773 850 852
3 773 852 774
3 774 852 853
3 774 853 777
3 774 777 776
3 774 776 775
3 778 777 853
3 778 853 854
3 778 854 855
3 780 779 778
3 780 778 855
3 780 855 856
3 780 856 781
3 783 857 858
3 783 858 784
3 785 784 858
3 785 858 859
3 785 859 787
3 785 787 786
3 789 860 861
3 789 861 862
3 789 862 790
3 791 790 862
3 791 862 863
3 791 863 792
3 791 792 696
3 791 696 695
3 791 695 694
3 795 864 865
3 795 865 797
3 795 797 796
3 865 866 867
3 865 867 799
3 865 799 798
3 865 798 797
3 800 799 867
3 800 867 868
3 800 868 869
3 800 869 801
3 702 801 869
3 702 869 870
3 702 870 871
3 702 871 802
3 702 802 703
3 593 704 802
3 593 802 871
3 593 871 872
3 593 872 803
3 593 803 594
3 804 873 874
3 804 874 707
3 804 707 706
3 804 706 598
3 804 598 597
3 804 597 705
3 601 707 874
3 601 874 875
3 601 875 805
3 601 805 602
3 709 876 877
3 709 877 605
3 709 605 604
3 709 604 710
3 605 877 808
3 605 808 806
3 605 806 711
3 605 711 606
3 878 810 809
3 878 809 808
3 878 808 877
3 878 877 876
3 879 815 811
3 879 811 810
3 879 810 878
3 880 881 882
3 880 882 816
3 880 816 814
3 880 814 813
3 882 883 884
3 882 884 885
3 882 885 886
3 882 886 817
3 882 817 816
3 817 886 887
3 817 887 888
3 817 888 823
3 817 823 820
3 817 820 818
3 887 889 890
3 887 890 891
3 887 891 892
3 887 892 893
3 887 893 888
3 888 893 894
3 888 894 827
3 888 827 824
3 888 824 823
3 892 895 896
3 892 896 897
3 892 897 894
3 892 894 893
3 894 897 898
3 894 898 831
3 894 831 828
3 894 828 827
3 832 831 898
3 832 898 899
3 900 834 833
3 900 833 832
3 900 832 899
3 900 899 901
3 836 835 834
3 836 834 900
3 836 900 902
3 903 743 742
3 903 742 837
3 903 837 904
3 838 748 747
3 838 747 905
3 840 752 751
3 840 751 906
3 842 754 753
3 842 753 839
3 842 839 907
3 760 759 841
3 760 841 842
3 760 842 907
3 760 907 908
3 760 908 909
3 760 909 843
3 844 843 909
3 844 909 910
3 844 910 911
3 844 911 845
3 846 845 911
3 846 911 912
3 846 912 848
3 846 848 847
3 848 912 913
3 848 913 914
3 848 914 915
3 848 915 916
3 848 916 849
3 849 916 854
3 849 854 853
3 849 853 852
3 849 852 850
3 855 854 916
3 855 916 915
3 855 915 917
3 855 917 856
3 781 856 917
3 781 917 918
3 781 918 782
3 858 857 919
3 858 919 859
3 787 859 919
3 787 919 920
3 787 920 788
3 862 861 921
3 862 921 922
3 862 922 863
3 863 922 793
3 863 793 792
3 923 866 865
3 923 865 864
3 924 925 868
3 924 868 867
3 924 867 866
3 924 866 923
3 869 868 925
3 869 925 926
3 869 926 870
3 871 870 926
3 871 926 927
3 871 927 928
3 871 928 929
3 871 929 872
3 872 929 930
3 872 930 931
3 872 931 873
3 872 873 804
3 872 804 803
3 931 932 933
3 931 933 934
3 931 934 875
3 931 875 874
3 931 874 873
3 875 934 879
3 875 879 878
3 875 878 876
3 875 876 709
3 875 709 708
3 875 708 805
3 933 935 936
3 933 936 812
3 933 812 815
3 933 815 879
3 933 879 934
3 936 937 880
3 936 880 813
3 936 813 812
3 938 939 883
3 938 883 882
3 938 882 881
3 938 881 940
3 941 942 885
3 941 885 884
3 941 884 943
3 885 942 944
3 885 944 889
3 885 889 887
3 885 887 886
3 945 946 891
3 945 891 890
3 945 890 947
3 891 946 895
3 891 895 892
3 901 899 898
3 901 898 897
3 901 897 896
3 901 896 948
3 949 902 900
3 949 900 901
3 949 901 948
3 949 948 950
3 949 950 951
3 904 837 836
3 904 836 902
3 904 902 949
3 905 747 746
3 905 746 744
3 905 744 743
3 905 743 903
3 905 903 952
3 906 751 750
3 906 750 838
3 906 838 905
3 906 905 952
3 906 952 953
3 908 907 839
3 908 839 840
3 908 840 906
3 908 906 953
3 908 953 954
3 908 954 955
3 908 955 956
3 910 909 908
3 910 908 956
3 910 956 957
3 913 912 911
3 913 911 910
3 913 910 957
3 913 957 958
3 913 958 959
3 960 914 913
3 960 913 959
3 960 959 961
3 960 961 962
3 960 962 963
3 917 915 914
3 917 914 960
3 917 960 918
3 782 918 960
3 782 960 963
3 782 963 964
3 782 964 920
3 782 920 919
3 782 919 857
3 782 857 783
3 788 920 964
3 788 964 965
3 788 965 860
3 788 860 789
3 965 966 967
3 965 967 968
3 965 968 921
3 965 921 861
3 965 861 860
3 921 968 794
3 921 794 793
3 921 793 922
3 969 927 926
3 969 926 925
3 969 925 924
3 970 971 972
3 970 972 928
3 970 928 927
3 970 927 969
3 928 972 973
3 928 973 930
3 928 930 929
3 930 973 974
3 930 974 975
3 930 975 976
3 930 976 932
3 930 932 931
3 976 977 935
3 976 935 933
3 976 933 932
3 978 979 937
3 978 937 936
3 978 936 935
3 978 935 977
3 980 940 881
3 980 881 880
3 980 880 937
3 980 937 979
3 943 884 883
3 943 883 939
3 943 939 981
3 982 944 942
3 982 942 941
3 983 947 890
3 983 890 889
3 983 889 944
3 983 944 982
3 948 896 895
3 948 895 946
3 948 946 945
3 948 945 950
3 951 950 945
3 951 945 947
3 951 947 983
3 951 983 984
3 953 952 903
3 953 903 904
3 953 904 949
3 953 949 951
3 953 951 984
3 953 984 985
3 953 985 954
3 955 954 985
3 955 985 986
3 955 986 987
3 955 987 988
3 957 956 955
3 957 955 988
3 957 988 989
3 957 989 958
3 959 958 989
3 959 989 990
3 959 990 991
3 959 991 961
3 962 961 991
3 962 991 992
3 962 992 993
3 964 963 962
3 964 962 993
3 964 993 994
3 964 994 995
3 964 995 966
3 964 966 965
3 995 996 971
3 995 971 970
3 995 970 967
3 995 967 966
3 794 968 967
3 794 967 970
3 794 970 969
3 794 969 924
3 794 924 923
3 794 923 864
3 794 864 795
3 997 974 973
3 997 973 972
3 997 972 971
3 997 971 996
3 998 999 975
3 998 975 974
3 998 974 997
3 998 997 1000
3 975 999 1001
3 975 1001 978
3 975 978 977
3 975 977 976
3 1002 1003 980
3 1002 980 979
3 1002 979 978
3 1002 978 1001
3 1004 1005 938
3 1004 938 940
3 1004 940 980
3 1004 980 1003
3 1004 1003 1006
3 1007 981 939
3 1007 939 938
3 1007 938 1005
3 985 984 983
3 985 983 982
3 985 982 941
3 985 941 943
3 985 943 981
3 985 981 1007
3 985 1007 986
3 987 986 1007
3 987 1007 1005
3 987 1005 1004
3 987 1004 1008
3 989 988 987
3 989 987 1008
3 989 1008 1009
3 989 1009 990
3 991 990 1009
3 991 1009 1010
3 991 1010 1011
3 991 1011 992
3 993 992 1011
3 993 1011 1012
3 993 1012 998
3 993 998 1000
3 993 1000 994
3 994 1000 997
3 994 997 996
3 994 996 995
3 1012 1013 1002
3 1012 1002 1001
3 1012 1001 999
3 1012 999 998
3 1014 1006 1003
3 1014 1003 1002
3 1014 1002 1013
3 1009 1008 1004
3 1009 1004 1006
3 1009 1006 1014
3 1009 1014 1010
3 1011 1010 1014
3 1011 1014 1013
3 1011 1013 1012
3 159 158 155
3 159 155 154
3 159 154 92
3 159 92 90
3 159 90 87
3 159 87 89
3 159 89 150
3 159 150 153
3 159 153 224
3 159 224 225
3 159 225 228
3 159 228 227
